plot_results
--------  ---------

run_names = 

  6×1 string array

    "run_1e"
    "run_2e"
    "run_3e"
    "run_4e"
    "run_5e"
    "run_old_orig"

-------- case_based ---------

results(:,:,1) =

    0.0284    0.0329    0.0639    0.0639
    0.0071    0.0082    0.0160    0.0160


results(:,:,2) =

    0.0706    0.0711    0.1275    0.1891
    0.0176    0.0178    0.0319    0.0473


results(:,:,3) =

    0.0376    0.0379    0.0426    0.0535
    0.0094    0.0095    0.0106    0.0134


results(:,:,4) =

    0.0676    0.0678    0.0714    0.0824
    0.0169    0.0169    0.0179    0.0206


results(:,:,5) =

    0.0450    0.0455    0.0498    0.0670
    0.0113    0.0114    0.0124    0.0167


results(:,:,6) =

    0.0378    0.0418    0.0653    0.0797
    0.0095    0.0105    0.0163    0.0199

-------- googledoc_based ---------

results_gdoc(:,:,1) =

    0.0934    0.0295    0.0529
    0.0234    0.0074    0.0132


results_gdoc(:,:,2) =

    0.2560    0.0821    0.0894
    0.0640    0.0205    0.0223


results_gdoc(:,:,3) =

    0.0891    0.0302    0.0301
    0.0223    0.0076    0.0075


results_gdoc(:,:,4) =

    0.0889    0.0697    0.0694
    0.0222    0.0174    0.0173


results_gdoc(:,:,5) =

    0.0000    0.0672    0.0710
    0.0000    0.0168    0.0177


results_gdoc(:,:,6) =

    0.0936    0.0383    0.0582
    0.0234    0.0096    0.0145


Qresults(:,:,1) =

    0.0284    0.0329    0.0426    0.0535
    0.0071    0.0082    0.0106    0.0134


Qresults(:,:,2) =

    0.0376    0.0379    0.0498    0.0639
    0.0094    0.0095    0.0124    0.0160


Qresults(:,:,3) =

    0.0414    0.0437    0.0646    0.0733
    0.0104    0.0109    0.0162    0.0183


Qresults(:,:,4) =

    0.0676    0.0678    0.0714    0.0824
    0.0169    0.0169    0.0179    0.0206


Qresults(:,:,5) =

    0.0706    0.0711    0.1275    0.1891
    0.0176    0.0178    0.0319    0.0473


Qresults_gdoc(:,:,1) =

    0.0000    0.0295    0.0301
    0.0000    0.0074    0.0075


Qresults_gdoc(:,:,2) =

    0.0889    0.0302    0.0529
    0.0222    0.0076    0.0132


Qresults_gdoc(:,:,3) =

    0.0913    0.0527    0.0638
    0.0228    0.0132    0.0159


Qresults_gdoc(:,:,4) =

    0.0936    0.0697    0.0710
    0.0234    0.0174    0.0177


Qresults_gdoc(:,:,5) =

    0.2560    0.0821    0.0894
    0.0640    0.0205    0.0223
